dur=99.68s sr=16000
 t(s)   rms_dB  centroid_kHz  flatness  zcr
  0.0   -35.7        3.76    0.7827  0.954
  0.5   -13.4        1.83    0.3654  0.295
  1.0   -13.8        1.12    0.1756  0.251
  1.5   -13.3        2.99    0.5612  0.478
  2.0   -12.1        2.94    0.4908  0.490
  2.5   -12.4        2.42    0.3462  0.385
  3.0   -15.2        1.71    0.3523  0.284
  3.5   -18.4        1.95    0.4382  0.436
  4.0   -15.7        1.58    0.2626  0.266
  4.5   -23.6        3.64    0.7666  0.642
  5.0   -13.5        2.03    0.4336  0.275
  5.5   -16.9        1.59    0.3375  0.206
  6.0   -14.9        1.80    0.3799  0.330
  6.5   -14.7        2.16    0.4353  0.356
  7.0   -15.2        2.14    0.3890  0.220
  7.5   -15.4        2.97    0.6573  0.360
  8.0   -18.3        1.97    0.4888  0.290
  8.5   -29.0        3.53    0.7358  0.654
  9.0   -13.8        2.13    0.4708  0.300
  9.5   -19.0        1.47    0.3003  0.462
 10.0   -16.8        2.05    0.4827  0.285
 10.5   -18.9        1.73    0.3910  0.390
 11.0   -17.8        1.60    0.3650  0.187
 11.5   -23.8        2.78    0.6303  0.629
 12.0   -13.5        1.74    0.3604  0.446
 12.5   -16.7        1.69    0.3450  0.421
 13.0   -15.3        2.03    0.4287  0.252
 13.5   -16.4        1.45    0.2722  0.219
 14.0   -19.9        1.65    0.3539  0.273
 14.5   -10.1        1.88    0.4447  0.332
 15.0   -11.2        1.48    0.2807  0.178
 15.5   -12.7        2.92    0.3753  0.443
 16.0   -11.1        1.44    0.3089  0.118
 16.5   -10.6        2.94    0.5348  0.247
 17.0   -15.8        2.14    0.4354  0.293
 17.5   -19.3        3.61    0.5536  0.861
 18.0   -14.7        3.76    0.4193  0.382
 18.5   -15.3        1.55    0.2943  0.147
 19.0   -13.7        3.65    0.4382  0.428
 19.5   -17.1        1.96    0.4718  0.180
 20.0   -23.9        2.34    0.5119  0.541
 20.5   -13.2        1.49    0.3033  0.492
 21.0   -10.3        3.69    0.3722  0.294
 21.5   -12.8        1.61    0.3492  0.230
 22.0   -12.3        3.54    0.4231  0.586
 22.5   -11.2        2.25    0.3211  0.369
 23.0   -11.9        1.66    0.2819  0.141
 23.5   -27.7        2.78    0.6251  0.637
 24.0   -11.4        1.48    0.3266  0.177
 24.5   -14.7        1.55    0.2862  0.245
 25.0   -13.9        1.41    0.3026  0.149
 25.5   -17.4        1.44    0.3536  0.362
 26.0   -13.8        2.15    0.4174  0.303
 26.5   -14.6        1.82    0.4596  0.272
 27.0   -12.1        1.54    0.3337  0.271
 27.5   -10.6        1.92    0.3113  0.154
 28.0   -15.1        2.53    0.5723  0.542
 28.5   -14.4        1.91    0.4728  0.417
 29.0   -20.1        1.58    0.2985  0.353
 29.5   -13.4        1.55    0.3648  0.390
 30.0   -13.3        1.12    0.2020  0.203
 30.5   -12.3        2.12    0.4125  0.312
 31.0   -11.5        2.03    0.4197  0.209
 31.5   -12.0        1.34    0.2736  0.222
 32.0   -14.6        2.03    0.3919  0.315
 32.5   -12.3        1.46    0.3146  0.178
 33.0   -11.1        1.97    0.3101  0.359
 33.5   -14.4        1.42    0.2816  0.213
 34.0   -13.7        1.43    0.2983  0.199
 34.5   -12.4        1.76    0.3970  0.262
 35.0   -18.6        3.40    0.7413  0.624
 35.5   -11.9        1.56    0.2920  0.169
 36.0   -14.3        1.49    0.3329  0.146
 36.5   -13.1        1.79    0.3440  0.306
 37.0   -15.9        2.89    0.4607  0.547
 37.5   -13.3        2.27    0.3982  0.417
 38.0   -16.9        1.63    0.3500  0.545
 38.5   -13.7        2.13    0.3887  0.336
 39.0   -12.7        1.39    0.2630  0.156
 39.5   -13.1        1.56    0.2848  0.305
 40.0   -12.5        1.30    0.2054  0.276
 40.5   -13.2        1.93    0.3572  0.242
 41.0   -15.8        1.55    0.3257  0.281
 41.5   -13.3        1.32    0.3063  0.356
 42.0   -15.2        3.20    0.5041  0.644
 42.5   -14.1        1.46    0.3459  0.224
 43.0   -18.1        1.75    0.4201  0.265
 43.5   -16.1        1.55    0.3426  0.227
 44.0   -19.1        1.57    0.3321  0.154
 44.5   -18.9        1.61    0.2518  0.204
 45.0   -16.4        1.26    0.2481  0.103
 45.5   -15.6        1.19    0.2102  0.181
 46.0   -18.0        2.08    0.4571  0.217
 46.5   -17.8        4.31    0.5866  0.300
 47.0   -16.3        2.40    0.4261  0.566
 47.5   -13.1        3.82    0.4600  0.507
 48.0   -16.4        1.66    0.3473  0.156
 48.5   -15.0        2.46    0.4835  0.300
 49.0   -16.8        2.69    0.5007  0.354
 49.5   -16.1        1.83    0.3758  0.194
 50.0   -16.1        3.67    0.5004  0.509
 50.5   -16.2        1.27    0.2179  0.317
 51.0   -12.9        3.05    0.4553  0.547
 51.5   -20.5        4.56    0.5871  0.711
 52.0   -13.0        1.43    0.2693  0.301
 52.5   -11.8        2.04    0.3942  0.193
 53.0   -15.2        1.51    0.3733  0.206
 53.5   -13.5        1.61    0.3632  0.144
 54.0   -15.2        2.32    0.4779  0.249
 54.5   -18.9        2.65    0.5754  0.376
 55.0   -12.8        1.54    0.3428  0.150
 55.5   -13.6        3.62    0.5217  0.346
 56.0   -18.4        2.31    0.4941  0.585
 56.5   -15.1        1.94    0.4393  0.280
 57.0   -14.7        1.80    0.3032  0.212
 57.5   -15.7        1.21    0.2590  0.176
 58.0   -15.9        1.68    0.3819  0.227
 58.5   -12.5        2.04    0.4742  0.239
 59.0   -15.4        1.16    0.2486  0.108
 59.5   -17.2        2.75    0.6194  0.445
 60.0   -15.3        1.66    0.3964  0.366
 60.5   -10.9        1.39    0.2496  0.175
 61.0   -15.1        2.75    0.5330  0.484
 61.5   -16.8        1.64    0.3943  0.294
 62.0   -15.2        1.70    0.3217  0.240
 62.5   -14.1        1.19    0.2628  0.208
 63.0   -11.3        1.70    0.3540  0.236
 63.5   -15.2        1.50    0.3404  0.191
 64.0   -14.2        1.10    0.2013  0.263
 64.5   -15.3        1.56    0.2940  0.322
 65.0   -15.8        2.22    0.4502  0.189
 65.5   -15.9        2.72    0.4317  0.343
 66.0   -15.7        1.22    0.2608  0.095
 66.5   -13.7        1.69    0.3562  0.241
 67.0   -12.4        1.46    0.3198  0.227
 67.5   -13.7        1.35    0.2915  0.160
 68.0   -14.2        1.21    0.2543  0.183
 68.5   -14.0        3.21    0.5576  0.632
 69.0   -12.0        1.63    0.3263  0.232
 69.5   -12.2        2.07    0.3640  0.257
 70.0   -11.6        2.13    0.4729  0.295
 70.5   -15.0        2.95    0.3931  0.404
 71.0   -17.6        1.97    0.4670  0.347
 71.5   -19.3        2.30    0.4259  0.392
 72.0   -14.5        2.55    0.4928  0.381
 72.5   -11.1        2.03    0.4110  0.309
 73.0   -12.5        2.92    0.4033  0.332
 73.5   -22.2        1.98    0.4108  0.378
 74.0   -13.8        1.59    0.3707  0.261
 74.5   -15.8        1.56    0.3309  0.268
 75.0   -17.2        1.01    0.1848  0.253
 75.5   -14.3        1.81    0.3678  0.216
 76.0   -15.5        2.66    0.6169  0.435
 76.5   -13.0        1.36    0.2923  0.151
 77.0   -14.5        3.74    0.5194  0.270
 77.5   -16.7        1.43    0.3524  0.177
 78.0   -15.5        1.30    0.3141  0.191
 78.5   -14.7        1.47    0.2563  0.403
 79.0   -14.9        3.25    0.5631  0.533
 79.5   -15.1        4.17    0.4886  0.441
 80.0   -13.7        3.65    0.6284  0.336
 80.5   -16.7        1.79    0.4272  0.260
 81.0   -20.4        2.10    0.5023  0.460
 81.5   -14.1        1.33    0.2930  0.204
 82.0   -11.9        1.34    0.2902  0.168
 82.5   -15.3        3.22    0.5188  0.319
 83.0   -17.6        1.45    0.3025  0.297
 83.5   -17.1        1.51    0.3488  0.389
 84.0   -17.1        2.12    0.4318  0.332
 84.5   -16.2        1.09    0.2361  0.181
 85.0   -17.5        1.60    0.3693  0.119
 85.5   -16.3        1.44    0.3319  0.395
 86.0   -15.5        2.30    0.4944  0.378
 86.5   -11.9        3.39    0.4329  0.531
 87.0   -13.5        2.62    0.4655  0.257
 87.5   -15.4        3.14    0.5213  0.426
 88.0   -14.6        1.30    0.3062  0.204
 88.5   -14.6        1.47    0.3188  0.340
 89.0   -16.9        1.96    0.3941  0.492
 89.5   -13.4        2.05    0.4452  0.438
 90.0   -11.4        0.98    0.2153  0.172
 90.5   -15.0        1.45    0.3535  0.181
 91.0   -14.7        2.00    0.4887  0.403
 91.5   -15.9        1.34    0.3127  0.252
 92.0   -17.1        2.54    0.6021  0.660
 92.5   -22.2        1.62    0.3783  0.389
 93.0   -14.5        1.59    0.3624  0.405
 93.5   -13.5        2.02    0.4395  0.261
 94.0   -14.0        1.42    0.3261  0.186
 94.5   -15.3        4.50    0.5283  0.447
 95.0   -19.4        1.59    0.3724  0.226
 95.5   -12.8        3.11    0.5458  0.380
 96.0   -14.2        1.87    0.4432  0.331
 96.5   -12.5        1.60    0.3741  0.210
 97.0   -16.9        1.52    0.3625  0.339
 97.5   -19.1        2.26    0.5155  0.320
 98.0   -15.4        1.66    0.3885  0.293
 98.5   -15.0        1.39    0.2954  0.196
 99.0   -23.8        3.24    0.6847  0.299
